-1.596564600448095916e+01,6.698020911127707677e+01,8.571695294996260372e+00
-4.130528981429375079e+01,-7.200590883511536333e+01,4.336128306133933563e+01
-4.723423180592991599e+01,-6.339299191374663422e+01,3.137331536388140307e+01
-4.592207792207787520e+00,-5.330714285714286405e+01,2.022077922077922096e+01
-1.838504936530324585e+01,3.591443347437706279e+01,4.808133521391631859e+01
-6.648215209518880897e+00,5.927935851008794543e+01,6.527677185721671549e+00
-5.118978102189785773e+00,5.499854014598540175e+01,-1.020145985401460109e+01
-6.114592153542190545e+00,3.493959920970928579e+01,-8.853513971210837497e+00
-4.340246045694200916e+00,2.318734622144111768e+01,-1.908963093145870005e+01
-2.083622350674373536e+01,-2.077842003853564279e+01,-2.572447013487475687e+01
-5.699878817256422536e+01,-8.840281143965100341e+00,-1.402496364517692484e+01
-4.007614213197969377e+01,-2.154473350253806530e+01,-2.675666243654822551e+01
-3.169310141509433976e+01,1.155336084905661664e+01,-2.931132075471698073e+01
-6.034995977473855078e+00,-5.973129525341914814e+01,2.993242156074013849e+01
-1.526903278244378726e+01,6.455269574641019403e+01,-8.260633974532645141e+00
-5.668653276259466622e+01,-5.454659203161014602e+01,2.970530128416200455e+01
-4.575811337083513308e+01,-5.879489398528775723e+01,2.106533967979230226e+01
-3.291634089132131180e+00,-1.565363565285379366e+01,3.717982799061766741e+01
-7.931273308470963457e+00,-4.442141715503463217e+01,3.221630261054875177e+01
-1.240993184031158592e+01,2.411652061019148618e+01,6.103862382343393733e+01
-8.046900269541779949e+00,4.298652291105122458e+01,5.096927223719676192e+01
-1.391259298618490448e+01,5.741339001062698344e+01,3.096679064824654404e+01
-4.716108452950564356e+00,5.176749955697323458e+01,2.773241183767500218e+01
-4.126962378077102045e+01,1.893660009289362733e+01,4.767092429168602052e+01
-4.620297805642633193e+01,3.160423197492161762e+01,-1.036677115987460951e+01
-3.565991058122205715e+01,2.210849478390463219e+01,-1.544649776453054812e+01
-6.061857177674872332e+01,-3.482378747258103147e+01,-3.062393370704356244e+00
-5.385122152072467827e+01,-2.111446609936865570e+01,-3.154817458138896313e+01
-5.384280303030303116e+01,-1.509706439393937671e+00,-2.947159090909090651e+01
-4.338065368108286890e+01,1.291333773522615047e+01,-3.339584021129085301e+01
-4.033621621621621500e+01,-7.844567567567567323e+01,3.013135135135135556e+01
-2.228257613579630458e+01,1.956365451822267687e+01,5.193060409385921616e+01
-2.481084776663628588e+01,2.823792160437557186e+01,4.352051048313582271e+01
-1.861663286004056772e+01,-3.670250169033130305e+01,-1.194929006085192924e+01
-3.009928229665072053e+01,-3.286423444976077235e+01,-1.781608851674641159e+01
-1.303021850302185669e+01,-6.074058577405857307e+01,1.870943747094374032e+01
-7.965090909090903892e+00,-5.196218181818181847e+01,9.343272727272733391e+00
-1.363946280991736160e+01,-4.931301652892561549e+01,4.182851239669417964e+00
-5.483750665956307557e+00,-6.396270644645711201e+01,5.204528502930207878e+01
-3.811203319502070030e+00,-6.776141078838173826e+01,4.109439834024895788e+01
-6.971723220226209605e+00,-5.093413173652695036e+01,4.267564870259481324e+01
-5.307984228684080819e+01,1.923238048299654679e+01,1.148275012321340682e+01
-4.759711075441412476e+01,2.826902086677367265e+01,5.120385232744837367e-01
-5.800802496656263685e+01,-4.414935354436023829e+01,2.727106553722693150e+01
-6.867279894875167656e+00,1.060118265440209484e+01,6.478515111695136852e+01
-2.181201434548714246e+01,5.030812910938433902e+01,3.116228332337118445e+01
-4.163929440389294712e+01,7.009124087591231955e+00,4.865875912408759518e+01
-5.195222222222222541e+01,-4.325888888888889028e+01,5.122777777777784536e+00
-5.216522678185744866e+01,-2.254481641468682085e+01,-5.458963282937361328e+00
-5.293742757821552658e+01,6.183951332560837955e+00,-1.153823870220162462e+01
-3.716146458583433088e+01,-5.369147659063628453e+00,-4.238095238095237960e+01
-3.980208333333337123e+00,5.787499999999994316e+00,2.855104166666666288e+01
-4.495620989052472538e+01,-4.139411098527746447e+01,4.674556436391091552e+01
-4.198009554140127619e+01,-5.237738853503184089e+01,4.877707006369426779e+01
-2.879944289693593618e+01,-7.439600742804086053e+01,4.233194057567317259e+01
-3.283261272390364383e+01,2.447869054972204594e+01,-7.399629400864711215e-01
-3.610730088495575529e+01,3.675774336283186017e+01,-1.303761061946902799e+01
-2.560203735144312986e+01,-5.256366723259731089e-01,5.518098471986417053e+01
-3.928750000000000142e+01,7.401041666666657193e+00,3.353333333333333144e+01
-4.440117789710722462e+01,2.023644552225880489e+01,2.736566776372769993e+01
-4.770114192495921657e+01,3.509494290375204173e+01,1.044306688417617579e+01
-3.818455743879472664e+01,4.901183750336292633e+01,1.094161958568737703e+01
-6.060595130748421866e+01,-4.877487225728884823e+01,-9.653742110009019939e+00
-2.793104806934594109e+01,5.830575256107169935e+01,-8.010244286840020322e-01
-5.314447134786117743e+01,-4.961783696529458609e+01,4.530669895076674436e+01
-4.875591531755915042e+01,-5.956039850560398463e+01,4.704234122042340971e+01
-3.445759444872783206e+01,-6.195836545875096135e+01,4.782999228989976359e+01
-4.199486033519553274e+01,4.902793296089384967e+01,-6.452290502793289306e+00
-1.117100529100528661e+01,4.724973544973545359e+01,-2.127746031746031719e+01
-1.232951757972199403e+01,2.446075224856909358e+01,-2.049550286181521130e+01
-4.340098400984004456e+00,-3.370479704797047305e+01,3.764022140221402424e+01
-2.975369458128079003e+01,1.391625615763547330e+01,5.692163009404387708e+01
-4.381088825214902727e+00,2.758166189111747713e+01,4.705603311047437387e+01
-6.152017812413025410e+01,-1.754995825215696925e+01,-2.054160868355135250e+01
-6.009390632105503016e+01,-3.636130059117780888e+01,-1.809322419281491534e+01
-5.939528023598825257e+00,-4.090412979351032163e+01,2.323451327433627966e+01
-4.481400437636764877e+00,-2.183369803063457937e+01,2.885557986870897196e+01
-2.779122915379863912e+01,5.682643607164916943e+01,1.288974675725756924e+01
-3.345262390670553998e+01,1.636588921282799447e+01,-8.382653061224488056e+00
-5.910363311494933214e+00,3.388505062537225854e+01,2.107325789160213958e+01
-6.584805653710247952e+00,4.465270065623423079e+01,6.079000504795558868e+00
-1.349894067796610386e+01,-4.288029661016949490e+01,-5.515889830508470482e+00
-9.027285782671128800e+00,-7.713930110100525894e+01,4.541072283389181052e+01
-1.040595057992939587e+01,-6.969692385274836965e+01,3.163993948562783487e+01
-5.754697642637509603e+00,9.099419200546634556e+00,4.828834984625896709e+01
-6.910744936491596491e+00,5.121867490559566249e-01,4.075660830758667430e+01
-5.043851508120649640e+01,1.350812064965197123e+00,4.523433874709979818e+00
-5.464805154955507760e+01,-3.205032218471923500e+01,2.226756673826326960e+01
-3.647593582887700592e+01,4.508912655971471395e+00,1.065686274509803866e+01
-3.868285562632696184e+01,1.760881104033970246e+00,-4.614118895966029754e+00
-3.978992497320471244e+01,-1.447802786709539191e+01,-1.718649517684880834e+00
-8.519408502772648717e+00,-2.749845964263712972e+00,7.095194085027725350e+01
-1.099033816425121302e+01,-2.722749231444883833e+01,4.096794027228810364e+01
-8.709323583180989203e+00,-3.781444241316270904e+01,5.378244972577697069e+01
-6.396630934150081771e+00,-4.914803471158754178e+01,5.708575803981622698e+01
-5.206546707503828486e+01,8.664241960183773017e+00,1.347243491577334851e+01
-5.830336351875808276e+01,-4.179883570504527768e+01,4.540426908150064378e+01
-6.122463465553235551e+01,-3.613862212943632812e+01,3.318872651356993231e+01
-4.347323506594258902e+01,1.179363847944142663e+01,2.256788207913103861e+00
-3.309834420471651129e+01,1.923682890115404120e+01,8.118414450577020602e+00
-2.707619047619047592e+01,4.945149911816579902e+01,-1.365608465608465849e+01
-2.354009041161074833e+01,2.262883654532475930e+01,-1.969926243159648038e+01
-3.600898876404494331e+01,3.195826645264847343e+01,3.854060995184590865e+01
-2.898531968321421459e+01,4.338033610198957035e+01,2.954819393471122169e+01
-4.159972739663788843e+01,3.768923216719673519e+01,2.188550658791459114e+01
-6.457113682777404051e+00,2.168311776718857686e+01,3.114737916950306840e+01
-1.260249816311535653e+01,-4.142395297575312441e+01,4.724614254224835008e+01
-5.641563360881542621e+01,-5.377617079889806462e+01,1.007128099173553437e+01
-6.120700340873877110e+01,-2.307747133560582142e+01,3.280477223427331523e+01
-5.484543610547667214e+01,-3.146328600405679765e+01,4.457363083164300122e+01
-3.316401590457256532e+01,-4.641252485089462709e+01,4.080666003976142520e+01
-2.861825396825396695e+01,-5.799285714285714732e+01,5.019920634920634939e+01
-2.284693877551021046e+01,-6.550923226433431523e+01,4.646987366375121553e+01
-3.189685124864278265e+01,-8.401900108577632409e+01,2.706243213897937494e+01
-2.124304216037475612e+01,5.086800771562423051e+00,6.413171672637091092e+01
-2.985266030013642791e+01,-8.121418826739429164e+00,5.160845839017734704e+01
-4.935746238308255585e+01,6.067507116714125459e+00,2.575071167141113904e+01
-7.714483394833948182e+00,-5.876937269372693606e+01,6.331273062730627998e+01
-1.480382775119616667e+01,-7.123987240829345069e+01,5.696236044657098319e+01
-5.500563824988723383e+01,-6.176657645466846702e+01,-5.852503382949976185e-01
-4.879487722269263372e+01,-5.574174428450466223e+01,-1.539796782387806928e+01
-4.500068306010928865e+01,-4.237909836065573188e+01,-2.138285519125683010e+01
-2.531355932203389614e+01,6.013810420590090189e+00,-3.799309478970496201e+01
-2.560173501577287425e+01,-8.889195583596219308e+00,-3.243454258675078705e+01
-4.608196721311472288e+00,-8.907650273224049897e+00,5.919726775956283404e+01
-6.098937499999999545e+01,-1.761499999999999488e+01,1.941562500000000568e+01
-5.490987983978638454e+01,-1.980106809078772301e+01,4.069092122830440417e+01
-4.619311193111931146e+01,-2.926875768757687979e+01,4.386162361623615880e+01
-3.892101855848079595e+01,-3.736469572723349586e+01,4.936037980146741688e+01
-1.417156862745098067e+01,-1.105718954248365549e+01,7.223257080610022740e+01
-2.364359150102809792e+01,-1.066141192597669374e+01,6.493762851267990754e+01
-5.000184928340268442e+01,2.653259361997214683e+00,3.803328710124826273e+01
-3.591203420891875453e+01,-5.169761759315821337e+01,5.581124007330483039e+01
-3.033394027676620652e+01,-4.638674435542607455e+01,6.277785870356882469e+01
-1.973261261261261268e+01,-5.662378378378377874e+01,6.597045045045044276e+01
-1.303197353914002576e+01,-5.043991179713340500e+01,7.189084895259097152e+01
-3.603130148270181365e+01,-2.410049423393739687e+01,1.006919275123559032e+01
-4.785795454545454675e+01,-6.536576704545454675e+01,1.497443181818181301e+01
-4.116296296296296475e+01,-3.493271604938271935e+01,1.420555555555554861e+01
-5.873918575063613190e+01,-3.706870229007633100e+01,1.561577608142494000e+01
-5.604419889502762686e+01,-2.145655449522853075e+01,7.677548970366643744e+00
-5.001440000000000197e+01,-9.553600000000002979e+00,5.120000000000004547e-01
-5.866584524396254352e+01,-4.902661409561360983e+01,1.608969935929029305e+01
-6.167197572999620547e+01,-3.220553659461509710e+01,5.020477815699663893e+00
-6.053319283456269773e+01,-1.286617492096944204e+01,-2.779241306638567721e+00
-4.409183202584218009e+01,5.334102445777574530e+00,-1.626488232579603022e+01
-4.831269160024525178e+01,-2.417044757817289735e+01,1.774555487431024403e+01
-1.167555555555556168e+01,-2.689666666666666117e+01,7.319333333333332803e+01
-3.458004827031376038e+01,-1.825181013676588293e+01,6.378412443014212840e+01
-3.200140845070422557e+01,-2.896572769953051818e+01,6.208826291079813586e+01
-3.909053916581892452e+01,-2.464089521871821375e+01,5.283214649033570254e+01
-4.864376899696048895e+01,-1.733920972644376945e+01,5.433677811550151660e+01
-1.908817829457363757e+01,-4.003875968992248602e+01,7.175629844961241588e+01
-2.985122494432071250e+01,-3.819153674832962508e+01,6.485924276169265568e+01
-4.761904761904762040e+01,-2.932142857142856940e+01,5.794191919191919737e+01
-8.533890436397399526e+00,-4.183844011142060992e+01,7.028597957288764064e+01
-4.587192911800244133e+00,-2.531373338703181730e+01,6.912444623439387215e+01
-4.643216080402012835e+00,-2.518153266331658813e+01,5.591771356783920055e+01
-8.014090177133653015e+00,-1.540619967793881528e+01,4.689935587761674185e+01
-3.835314861460957303e+01,-9.101259445843822959e+00,1.299294710327455959e+01
-3.605574912891986372e+01,-2.638257839721254072e+01,1.899303135888501970e+01
-4.896799580272822539e+01,-1.297324239244491650e+01,1.399842602308498840e+01
-1.937704918032787305e+01,-2.417213114754098058e+01,6.663114754098361914e+01
-1.838472095150960683e+01,-3.101280878316559608e+01,6.873101555352241121e+01
-4.081139489194499248e+01,-1.454878847413228016e+01,4.768172888015716637e+01
-5.080152027027027373e+01,-7.004222972972968364e+00,4.301055743243243512e+01
-4.828623188405796895e+01,-1.616739130434783078e+01,4.027971014492753454e+01
-5.294924554183813115e+01,-8.973936899862820837e+00,2.998010973936899859e+01
-5.907257346393588193e+01,-2.259127337488862963e+00,2.378495102404274064e+01
-6.247865853658537105e+01,-1.022560975609755474e+01,3.105365853658535968e+01
-5.959922394678491742e+01,-2.368070953436813397e+00,1.138303769401331067e+01
-2.126627508565835001e+01,-7.864757709251101403e+01,4.469799314733235462e+01
-2.628752800597460748e+01,-7.005675877520536687e+01,3.068259895444361973e+01
-2.487454938716655306e+01,-8.459841384282624688e+01,2.174909877433309191e+01
-3.935902547065337842e+01,-8.371672203765226072e+01,1.413709856035437440e+01
-4.615988372093023173e+01,-7.323749999999999716e+01,6.233139534883719080e+00
-4.145610625202461819e+01,-8.651441528992549479e+01,-3.217363135730479939e+00
-4.526010168584426197e+01,-7.001552047096600973e+01,-8.176077067166175993e+00
-3.642270958613371334e+01,-8.125963919349132425e+01,-1.588680580120269070e+01
-2.337663885578069767e+01,-7.272943980929679242e+01,-1.035399284862931779e+01
-3.550842020850040370e+01,-6.213672814755413043e+01,-1.702566158781074535e+01
-3.229960672148730794e+01,-4.116052913836253424e+01,-2.127314980336074512e+01
-4.040622505985634660e+01,-2.511173184357545551e+00,5.145889864325619101e+01
-2.834011976047904113e+01,-6.123113772455090498e+01,6.217904191616767662e+01
-6.695723014256614647e+00,-7.565539714867617249e+01,-5.750305498981674646e+00
-1.220091954022989000e+01,-6.113103448275862206e+01,-4.737931034482755877e+00
-2.439835858585858830e+01,-5.453472222222222854e+01,-8.241792929292927283e+00
-1.385776128633271753e+01,-5.678478664192950021e+01,1.443413729128010914e+00
-1.117449956483899598e+01,-9.658246301131418932e+01,1.726914708442123469e+01
-1.587358490566037972e+01,-8.895245283018867610e+01,3.349207547169811505e+01
-3.927640603566530331e+00,-8.463888888888888573e+01,2.514746227709190407e+01
-1.199258893280632776e+01,-8.070602766798418770e+01,3.599357707509881266e+01
-1.235033557046979524e+01,-7.109664429530201346e+01,2.038344519015659273e+01
-5.643674052894922966e+00,-8.824446032880629787e+01,1.313080771979983297e+00
-8.036907875617558261e+00,-7.442487648939261646e+01,9.101424004649814492e+00
-1.900888192267503030e+01,-6.453552769070010697e+01,7.019853709508879547e+00
-2.437987288135593644e+01,-9.595381355932202894e+01,5.953601694915249709e+00
-2.467658168083097792e+01,-9.670278564683664513e+01,-1.194995278564683616e+01
-1.709180576631258930e+01,-8.635698027314111869e+01,-1.497458270106221789e+01
-7.635502368486655200e+00,-9.748242333582648200e+01,-7.294190974819244389e+00
5.320283270978086421e+01,-5.320283270978086421e+01,2.585061464457508862e+01
5.850836431226767331e+00,-5.193355018587359950e+01,2.335455390334573167e+01
2.388038897893031276e+01,2.577212317666126751e+01,5.078995137763371304e+01
9.319701140385376448e+00,6.656075501376326997e+01,8.741643727880443748e-01
7.270989907665878604e+00,5.399763796435473751e+01,1.293321881039295818e+01
5.399138415433597515e+00,4.044090653680464698e+01,-1.036242742086533042e+01
4.631748589846893083e+00,2.213900080580177132e+01,-2.058863819500403025e+01
2.243339100346020132e+01,-1.778806228373701970e+01,-2.676513840830450164e+01
6.046832770270270885e+01,-7.586782094594596515e+00,-2.303969594594594383e+01
5.480029648454043922e+01,-3.945150360016938862e+00,-1.415247776365946919e+01
3.926500265533724132e+01,-1.469490175252256847e+01,-3.133191715347849282e+01
3.646487341772152035e+01,1.641740506329114169e+01,-3.727943037974683449e+01
2.879983922829582355e+01,1.172775991425510256e+01,-3.009539121114683979e+01
4.834645669291333547e+00,-6.342734430923407274e+01,3.118682891911238642e+01
9.368360277136261516e+00,6.275481139337952641e+01,-1.433102386451115962e+01
5.596250000000000568e+01,-4.527228260869564735e+01,3.237880434782609029e+01
1.379624516841523985e+01,3.923799006073991791e+01,5.214411927112092826e+01
1.648213678121810233e+01,5.254712487240558971e+01,3.592582511058182604e+01
1.726810912511759000e+01,6.503951081843837301e+01,1.615020382565067791e+01
6.144321443214437295e+00,5.751455514555146920e+01,2.949569495694956345e+01
3.466188598063821757e+01,2.292398709214771202e+01,-1.744316959483685991e+01
6.332943469785575985e+01,-3.776933073424301313e+01,1.858349577647828710e-01
6.292146596858637508e+01,-2.336163051608077978e+01,-7.403889304412871297e+00
4.910620067643742459e+01,8.651634723788049541e+00,-3.294746335963923656e+01
9.830955777460772538e+00,-5.252710413694721581e+01,3.527674750356632671e+01
4.534742755765819311e+01,-7.511088113542282940e+01,3.073181549379066269e+01
4.844592080786605948e+01,-6.394233324475153069e+01,2.170635131543980378e+01
5.486157826649417757e+01,-4.568693402328590025e+01,1.953428201811125575e+01
2.626769230769231456e+01,3.460400000000001342e+01,3.928799999999999670e+01
1.821096654275092419e+01,-3.593587360594796110e+01,-1.246189591078066883e+01
3.060620099786171977e+01,-3.067747683535282022e+01,-1.773164647184604092e+01
1.638643533123028817e+01,-6.335567823343848914e+01,2.755599369085173578e+01
1.234234234234234862e+01,-5.472136422136422595e+01,1.544465894465893996e+01
1.419334719334719352e+01,-4.665800415800416090e+01,4.049896049896048567e+00
6.991396761133600535e+00,-4.992408906882590713e+01,4.457489878542510553e+01
5.481198589894248130e+00,-6.427555816686250978e+01,4.362103407755581941e+01
4.791764705882351905e+01,3.157722152690863027e+01,-7.966207759699628355e+00
1.196953683556108672e+01,1.963786136151693995e+01,6.288218837426174446e+01
4.329722703639515657e+01,6.290294627383019588e+00,5.048180242634315107e+01
4.813960749330954059e+01,1.817885816235502716e+01,2.350446030330061831e+01
5.017586063873912394e+01,-3.303691414350892330e+01,1.456656988801327657e+00
4.897605284888521737e+01,-2.003798513625103794e+01,-7.510322047894305797e+00
4.857819905213270317e+01,-6.436018957345964964e+00,-3.936363636363636687e+01
4.745522146783059725e+01,1.618396378920141387e+01,-2.042806336889751151e+01
4.864836325237590131e+00,1.348468848996830616e+00,3.027243928194297951e+01
5.393978494623655706e+01,-3.328745519713261558e+01,5.116559139784946808e+01
4.667235772357724954e+01,-4.429430894308943323e+01,4.631788617886178372e+01
3.509875976113917773e+01,-7.064308681672025614e+01,4.678824069820853992e+01
3.091258741258741338e+01,-6.371095571095570875e+01,5.307867132867133364e+01
1.964715447154470951e+01,4.314579945799457050e+01,-1.820596205962059599e+01
2.440102098695405175e+01,1.005587067498581177e+01,5.781934203062959909e+01
3.936545454545455414e+01,1.076945454545455050e+01,3.392581818181818676e+01
4.727002503128912281e+01,2.906914893617022244e+01,2.784418022528160463e+01
4.911629917855597682e+01,3.016299178555988192e+01,1.818849978383052246e+01
4.780645161290323131e+00,2.805540796963947514e+01,4.836508538899430221e+01
8.444945848375454034e+00,-7.092824909747292850e+01,5.255595667870035470e+01
6.332044650149740050e+01,-4.215137489790362224e+01,-1.052109991832289637e+01
2.732515932391244462e+01,5.924771404821279930e+01,2.905929620393465029e+00
5.346404602109299731e+01,2.384084372003835028e+01,6.569990412272289859e+00
5.447981545559400729e+01,-5.294290657439447045e+01,4.436908881199538257e+01
4.746812227074235579e+01,-6.436098981077147130e+01,4.170713245997089302e+01
4.085925925925926094e+01,-5.523880070546736931e+01,4.844479717813051423e+01
4.225055160578574487e+01,5.074920323608728268e+01,-6.404756067663640806e+00
3.480035335689045439e+01,3.755477031802121246e+01,-1.353577738515900819e+01
-1.000000000000000000e+00,4.300000000000000000e+01,-2.700000000000000000e+01
6.706878306878309104e+00,-3.847760141093473862e+01,3.486208112874778919e+01
3.419957081545064170e+01,1.571864568431092835e+01,5.548903195040534797e+01
4.464161430642823802e+01,1.903818269695506160e+01,4.342000966650556393e+01
4.767370272647312390e+00,4.418865435356201488e+01,4.020316622691292707e+01
6.161185983827493828e+01,-2.880076370170709765e+01,-1.997708894878706332e+01
6.332478632478625968e+00,-2.536495726495726899e+01,2.806837606837606813e+01
7.249448123620311435e+00,-4.368432671081677654e+01,1.967108167770419414e+01
5.559600389863547321e+01,-4.102777777777777146e+01,4.751608187134502259e+01
3.401733413030484598e+01,2.119844590555888431e+01,-7.722056186491329299e+00
2.762605294825510782e+01,5.487304452466906923e+01,-1.349789410348977015e+01
1.315602836879432402e+01,2.358825847123719655e+01,-2.040701339637509903e+01
3.935026868588181514e+00,-1.969467513434294403e+01,3.712310698583291924e+01
3.896578073089702343e+01,3.335382059800664933e+01,3.815614617940198627e+01
4.171581612777561077e+01,4.592208804051421112e+01,1.418776782236072620e+01
2.524002455494168373e+01,5.414825046040516554e+01,2.473971761817065840e+01
7.603383997705762454e+00,3.481244622885000695e+01,2.505534843705190440e+01
7.683213920163765920e+00,4.194165813715454760e+01,4.082395087001017941e+00
5.631184407796098412e+00,2.500524737631184280e+01,1.800974512743627542e+01
1.314366653176851685e+01,-7.150141643059490093e+01,3.900242816673411994e+01
6.657142857142858361e+00,-1.932394366197186741e+00,6.645513078470824553e+01
5.593802816901401798e+00,1.080732394366197013e+01,5.748732394366197695e+01
7.280033604032482231e+00,2.189302716325954634e+00,4.300336040324839360e+01
5.909273797841021292e+01,7.394504416094207500e-01,1.043277723258096046e+01
4.945487954267048281e+01,5.023274806043275476e+00,3.615761535320544340e+00
5.822737226277371292e+01,-3.082992700729927549e+01,2.436678832116788840e+01
6.037619245126504097e+01,-2.199543757776855557e+01,2.258564910825383265e+01
3.825609756097560421e+01,6.859349593495920772e+00,1.076666666666666572e+01
3.907803468208092568e+01,-1.249277456647405415e+00,5.773843930635834454e+00
4.049625385632435837e+01,4.756280299691496793e+00,-1.533935654473336285e+01
7.290172642762286159e+00,1.856330234617087172e+01,3.549490925188136714e+01
1.097963636363635942e+01,-1.704072727272726695e+01,4.132581818181817823e+01
1.050901803607214902e+01,-3.201002004008016399e+01,5.044622578490313458e+01
5.381630265210608854e+01,1.194110764430575955e+01,1.186544461778471771e+01
6.260705394190870265e+01,-2.580539419087136821e+01,3.804647302904564299e+01
6.201912467819050789e+01,-3.737624126517101786e+01,3.696027951452740012e+01
6.136509040333797316e+01,-3.963560500695410838e+01,2.198678720445062140e+01
3.698192771084337949e+01,2.256368330464715655e+01,4.708835341365457339e+00
4.051425855513306828e+01,8.301330798479085615e+00,-2.885456273764262392e+00
4.043058938139307656e+01,-1.049293716512420360e+01,-4.094982951777879521e+00
2.286680835990081562e+01,2.215090329436768002e+01,-2.032766560396741085e+01
1.605940594059406124e+01,6.613861386138609078e+00,6.934120335110435462e+01
5.099765716516986913e+01,3.492776259273711048e+00,4.063490823896914605e+01
3.257324595219738228e+01,4.475501156515034040e+01,2.827293754818812488e+01
4.901186291739895751e+01,3.996748681898066025e+01,4.983743409490330123e+00
1.149568746829021393e+01,-3.384424150177575541e+01,4.270319634703196243e+01
5.927589592538046759e+01,-4.639175257731959334e+01,6.838487972508588086e+00
5.015263617826974496e+01,-2.748499854354791694e+01,-2.587212350713661380e+01
4.370206819452207014e+01,-3.761878144214645658e+01,5.000670765790944472e+01
3.643841950399327345e+01,-4.461622530474988935e+01,4.541908364859185099e+01
2.743852287033151072e+01,-3.335291649181698403e+00,5.218254301300881082e+01
4.877043422733078160e+01,8.156768837803326733e+00,2.485887611749680559e+01
7.277331385439495648e+00,-5.375432188945703160e+01,5.974653031409786763e+01
1.364637681159420879e+01,-6.392850241545893653e+01,6.471256038647342734e+01
2.088584937521108031e+01,-6.864403917595407734e+01,5.281931779804119742e+01
1.854079696394687460e+01,-7.905882352941176805e+01,4.994781783681214904e+01
5.917025154939847198e+01,-5.502223842508202267e+01,-2.402114473204520095e+00
4.981368167755240961e+01,-4.932829150910966121e+01,-1.821244413887934144e+01
2.760455523672884226e+01,-1.211083213773321177e+00,-4.004752510760401663e+01
6.109726443768997228e+01,-1.426595744680851396e+01,3.044832826747720844e+01
5.721719457013574583e+01,-2.272021116138763830e+01,4.421342383107088381e+01
5.468532110091743448e+01,-1.682660550458714965e+01,4.038623853211009873e+01
4.518481459682166701e+01,-2.807239552678045413e+01,4.290935844614479322e+01
3.563532110091743732e+01,-3.584805045871559059e+01,5.118291284403669295e+01
2.851134122287967898e+01,-1.097435897435897800e+01,6.478747534516764972e+01
2.474391201885310920e+01,-2.927729772191668189e+00,6.395129615082481678e+01
1.680334261838440568e+01,-6.341504178272984404e+00,6.924958217270196315e+01
6.065950676213205384e+01,6.387430389817012610e+00,2.957120127287191735e+01
3.119791122715405152e+01,-4.058224543080939384e+01,6.404908616187989878e+01
2.448166089965397418e+01,-4.989169550173009782e+01,6.829065743944636324e+01
1.585319693094629656e+01,-4.682404092071611501e+01,7.388542199488492201e+01
3.980310457516338829e+01,-1.852450980392157476e+01,4.517156862745096646e+00
5.383139316560269094e+01,-5.568081111528351812e+01,1.238865940668418375e+01
4.137915407854984551e+01,-2.892044310171198163e+01,1.805186304128902464e+01
6.023138191955396792e+01,-2.380087614496216020e+01,1.090242931103145452e+01
5.335838150289018245e+01,-1.391069364161849364e+01,5.918208092485542693e+00
5.307737637714578227e+01,2.442480143479372146e+00,-5.581347681270813155e+00
6.445413981160137951e+01,-3.429697570649479132e+01,1.075012394645513325e+01
6.194119477286869824e+01,-1.866148102053516311e+01,-4.153702551337943305e-01
5.202465753424658601e+01,-4.080068493150685072e+01,1.249863013698630709e+01
4.875669642857141639e+01,-2.129166666666667140e+01,1.864136904761905100e+01
1.618346957311534595e+01,-1.857674841053587045e+01,7.275158946412352634e+01
3.626805778491171850e+01,-1.826163723916532433e+01,6.329181380417335845e+01
3.393088142041851540e+01,-2.727520608750792519e+01,6.108560558021559928e+01
4.234942991281019431e+01,-2.081287726358148404e+01,5.423205902079141083e+01
1.290916955017300438e+01,-3.275086505190311925e+01,7.564792387543252516e+01
2.225783132530121122e+01,-3.508594377510040374e+01,7.045381526104418413e+01
3.202396514161219443e+01,-3.403122730573710442e+01,6.294625998547567747e+01
4.891212586339216273e+01,-2.546431312356101273e+01,5.587912509593246568e+01
9.238558909444989808e+00,-4.004333008763389046e+01,6.810856864654331844e+01
5.389981273408238849e+00,-2.218773408239700018e+01,7.163717228464420828e+01
4.345397676496872919e+00,-2.486595174262734531e+01,5.840259159964253399e+01
6.786895880635739786e+00,-1.008368472267271443e+01,5.131106065520596360e+01
3.782316442605997509e+01,-8.173733195449841560e+00,1.380144777662874844e+01
3.462620192307691980e+01,-2.137019230769230660e+01,1.410456730769230660e+01
4.107109557109558295e+01,-1.303379953379953804e+01,1.809673659673659074e+01
4.970542635658915742e+01,-1.018346253229974252e+01,1.281481481481480955e+01
2.123092369477912200e+01,-2.431526104417670808e+01,6.613052208835341617e+01
2.182768361581921113e+01,-2.887758945386063658e+01,6.756026365348398599e+01
4.419099890230515371e+01,-1.056366630076838931e+01,4.846322722283204598e+01
5.210452961672473293e+01,-1.281254355400696454e+01,4.912195121951219789e+01
5.167853610286843491e+01,-6.268051434223536944e+00,3.745400593471809714e+01
5.926816840976132994e+01,-5.381871815500133494e+00,2.724296057924377124e+01
6.184169054441261437e+01,-1.166762177650430488e+01,1.563753581661890735e+01
2.894272263632797149e+01,-7.783169870537466295e+01,3.668811298548450850e+01
3.171756075194865332e+01,-6.660247592847318288e+01,3.537230628152224199e+01
2.705841371918542393e+01,-8.709110396570204671e+01,2.062004287245444800e+01
3.561166666666666458e+01,-7.923083333333333655e+01,2.409916666666666174e+01
3.537995414346544010e+01,-8.880052407468065212e+01,2.175565018015063856e+00
4.368540305010893121e+01,-7.874204793028323479e+01,1.029760348583877771e+01
4.854151908697363638e+01,-6.569480519480519831e+01,4.271546635183000262e+00
5.024203253844439132e+01,-6.440361043013149356e+01,-9.416536661466459179e+00
3.714745484400657460e+01,-7.283776683087027948e+01,-1.543218390804597817e+01
2.615981100611450927e+01,-5.183657587548637480e+01,-8.944691495275151283e+00
3.525174311926605242e+01,-5.350495412844036025e+01,-1.738752293577981334e+01
3.370074982958418275e+01,-3.658214042263122678e+01,-2.286400817995910018e+01
3.942658423493045916e+01,-3.044049459041730188e+00,5.277820710973725227e+01
3.395437017994858309e+01,-5.064524421593830539e+01,5.414460154241645284e+01
2.669975031210985605e+01,-5.801560549313357740e+01,6.069225967540575084e+01
2.315030744705079258e+01,-7.356547483488955663e+01,-1.059394215440674003e+01
9.060836501901135875e+00,-7.212547528517110607e+01,-4.642585551330796534e+00
1.287102601156068715e+01,-5.749602601156068715e+01,-3.272398843930631074e+00
1.777810133954571370e+01,-4.466336633663365774e+01,-2.849155503785667065e+00
1.283439659755448758e+01,-9.405316321105794941e+01,1.882216905901115922e+01
1.622453771646610221e+01,-8.681185793953625307e+01,3.675051364837099754e+01
5.003249390739242131e+00,-7.989845653939886461e+01,2.342688870836718706e+01
1.443079646017699247e+01,-7.749345132743363251e+01,3.381982300884955350e+01
1.587751232461130257e+01,-6.582555934774364914e+01,1.878422449753507806e+01
1.014443625644804570e+01,-4.315106853352985183e+01,5.346131171702283780e+01
-1.000000000000000000e+00,-7.600000000000000000e+01,-3.500000000000000000e+00
-1.000000000000000000e+00,-7.400000000000000000e+01,5.000000000000000000e-01
2.198242109468637295e+01,-5.943627646823811972e+01,5.853375948861369693e+00
2.352874031797799148e+01,-9.887199347737464450e+01,7.349368120668572146e+00
2.516661794796843310e+01,-9.649371528792750041e+01,-9.958491669102599531e+00
1.967153951576062809e+01,-8.787711283691183439e+01,-1.264824120603014990e+01
4.222858472998137813e+01,-8.356005586592178247e+01,-1.231983240223463838e+01
